6238491720
3948201947
5820394012
7482932019
2948471023
1029384756
3849201947
9483020194
2039482012
1948472019
2948574012
4839201947
5840293847
8473929102
9472012948
1029484756
3849203918
9483021947
2039483912
1948472910
2948573928
4839201948
5840294857
8473929103
9472012938
1029484757
3849203919
9483021948
2039483913
1948472911
2948573929
4839201949
5840294858
8473929104
9472012939
1029484758
3849203920
9483021949
2039483914
1948472912
2948573930
4839201950
5840294859
8473929105
9472012940
1029484759
3849203921
9483021950
2039483915
1948472913