4803713608
3827449340
9585168433
1224227242
4142025773
8938923596
3689906361
3167238395
2080641756
6809842712
7934641057
1093810843
4812452853
4036915950
5612272519
5276051231
5237874639
0559379495
1068755226
7667236570
6070049217
2760105771
9639257006
3311402793
3260150164
9554566815
1573350174
2675130077
1132662245
7365396465
9663218666
9329142108
1268422399
9061665880
4701989997
6524465137
5272266631
6406242785
1288882111
8795478010
5236039591
5602347079
9724210405
5313436937
1993140589
3328963662
0579436056
0057924099
5591294597
5807724209